[DEFAULT]
t0: 0.5451293
t_secondary: 0.9298365
per: 0.7668944
rp: 0.185
a: 4.503
inc: 79.1
fp: 8e-3
limb_dark_coeffs: [0.203, 0.1, -0.16, 0.071]
c1: 3e-3
d1: 0
c2: 0
d2: 0

Ts: 4600
sigma_Ts: 150
sigma_rp: 0.011
sigma_a: 0.141

