[DEFAULT]
t0: 0.5454458642876878
t_secondary: 0.92893
per: 0.7668944
rp: 0.175
a: 4.454
inc: 79.11
fp: 8e-3
limb_dark_coeffs: [0.203, 0.1, -0.16, 0.071]
c1: 3e-3
d1: 1e-5
c2: 0
d2: 0

Ts: 4600
sigma_Ts: 150
sigma_rp: 0.011
sigma_a: 0.141

