[DEFAULT]
t0: 59849.77920
per: 2.218575143
rp: 0.1504
a: 8.73
inc: 85.69
limb_dark_coeffs: [0, 0]
Fp: 1.8e-3