[DEFAULT]
t0: 59781.518728
t_secondary: 59782.309883
per: 1.58040433
rp: 0.11631
a: 14.897
inc: 88.90
fp: 1e-4
limb_dark_coeffs: [0, 0.847989, -1.05762, 0.414449]
c1: 3e-3
d1: 0
c2: 0
d2: 0

Ts: 3250
sigma_Ts: 100
sigma_rp: 0.0005
sigma_a: 0.16

